381 -22 -11 15.0
381 -22 0 15.0
381 -22 11 15.0
381 -11 -22 15.0
381 -11 -11 15.0
381 -11 0 15.0
381 -11 11 15.0
381 -11 22 15.0
381 0 -22 15.0
381 0 -11 15.0
381 0 0 15.0
381 0 11 15.0
381 0 22 15.0
381 11 -22 15.0
381 11 -11 15.0
381 11 0 15.0
381 11 11 15.0
381 11 22 15.0
381 22 -11 15.0
381 22 0 15.0
381 22 11 15.0
409 -22 -11 15.0
409 -22 0 15.0
409 -22 11 15.0
409 -11 -22 15.0
409 -11 -11 15.0
409 -11 0 15.0
409 -11 11 15.0
409 -11 22 15.0
409 0 -22 15.0
409 0 -11 15.0
409 0 0 15.0
409 0 11 15.0
409 0 22 15.0
409 11 -22 15.0
409 11 -11 15.0
409 11 0 15.0
409 11 11 15.0
409 11 22 15.0
409 22 -11 15.0
409 22 0 15.0
409 22 11 15.0
437 -22 -11 15.0
437 -22 0 15.0
437 -22 11 15.0
437 -11 -22 15.0
437 -11 -11 15.0
437 -11 0 15.0
437 -11 11 15.0
437 -11 22 15.0
437 0 -22 15.0
437 0 -11 15.0
437 0 0 15.0
437 0 11 15.0
437 0 22 15.0
437 11 -22 15.0
437 11 -11 15.0
437 11 0 15.0
437 11 11 15.0
437 11 22 15.0
437 22 -11 15.0
437 22 0 15.0
437 22 11 15.0
465 -22 -11 15.0
465 -22 0 15.0
465 -22 11 15.0
465 -11 -22 15.0
465 -11 -11 15.0
465 -11 0 15.0
465 -11 11 15.0
465 -11 22 15.0
465 0 -22 15.0
465 0 -11 15.0
465 0 0 15.0
465 0 11 15.0
465 0 22 15.0
465 11 -22 15.0
465 11 -11 15.0
465 11 0 15.0
465 11 11 15.0
465 11 22 15.0
465 22 -11 15.0
465 22 0 15.0
465 22 11 15.0
493 -22 -11 15.0
493 -22 0 15.0
493 -22 11 15.0
493 -11 -22 15.0
493 -11 -11 15.0
493 -11 0 15.0
493 -11 11 15.0
493 -11 22 15.0
493 0 -22 15.0
493 0 -11 15.0
493 0 0 15.0
493 0 11 15.0
493 0 22 15.0
493 11 -22 15.0
493 11 -11 15.0
493 11 0 15.0
493 11 11 15.0
493 11 22 15.0
493 22 -11 15.0
493 22 0 15.0
493 22 11 15.0
521 -22 -11 15.0
521 -22 0 15.0
521 -22 11 15.0
521 -11 -22 15.0
521 -11 -11 15.0
521 -11 0 15.0
521 -11 11 15.0
521 -11 22 15.0
521 0 -22 15.0
521 0 -11 15.0
521 0 0 15.0
521 0 11 15.0
521 0 22 15.0
521 11 -22 15.0
521 11 -11 15.0
521 11 0 15.0
521 11 11 15.0
521 11 22 15.0
521 22 -11 15.0
521 22 0 15.0
521 22 11 15.0
549 -22 -11 15.0
549 -22 0 15.0
549 -22 11 15.0
549 -11 -22 15.0
549 -11 -11 15.0
549 -11 0 15.0
549 -11 11 15.0
549 -11 22 15.0
549 0 -22 15.0
549 0 -11 15.0
549 0 0 15.0
549 0 11 15.0
549 0 22 15.0
549 11 -22 15.0
549 11 -11 15.0
549 11 0 15.0
549 11 11 15.0
549 11 22 15.0
549 22 -11 15.0
549 22 0 15.0
549 22 11 15.0
